1024 samples

f1: 1.03436 (s)
f2: 1.05465 (s)
f3: 1.08498 (s)